-0.007
-0.007
-0.027
-0.021
-0.015
0.001
-0.006
-0.018
-0.018
-0.024
0.026
0.150
-0.019
-0.347
0.149
-0.055
-0.160
-0.018
0.092
0.051
-0.036
-0.069
-0.023
-0.014
0.006
0.003
-0.022
-0.030
-0.021
-0.012
-0.024
-0.009
-0.005
-0.028
-0.024
-0.010
-0.015
-0.018
-0.016
-0.009
-0.021
-0.005
-0.024
-0.003
-0.010
-0.022
-0.019
-0.015
-0.022
-0.023
-0.016
-0.009
-0.020
-0.012
-0.010
-0.024
-0.007
-0.027
-0.018
-0.011
-0.020
-0.011
-0.024
-0.017
-0.009
-0.011
-0.006
-0.022
-0.007
-0.028
-0.007
-0.014
-0.012
-0.007
-0.023
-0.019
-0.016
-0.019
-0.017
-0.024
-0.009
-0.022
-0.022
-0.019
-0.018
-0.012
-0.005
-0.022
-0.009
-0.023
-0.013
-0.024
-0.025
-0.017
-0.006
-0.017
-0.013
-0.028
-0.014
-0.014
-0.014
-0.016
-0.010
-0.022
-0.012
-0.007
-0.023
-0.018
-0.016
-0.007
-0.018
-0.014
-0.014
-0.013
-0.011
-0.010
-0.018
-0.020
-0.009
-0.018
-0.007
-0.007
-0.022
0.002
0.162
0.063
-0.297
0.054
0.004
-0.152
-0.039
0.052
0.060
-0.008
-0.064
-0.036
-0.025
-0.017
-0.004
-0.012
-0.035
-0.027
-0.013
-0.016
-0.009
-0.005
-0.036
-0.022
-0.007
-0.022
-0.009
-0.020
-0.016
-0.028
-0.004
-0.013
-0.019
-0.014
-0.013
-0.014
-0.037
-0.003
0.005
-0.011
-0.019
-0.012
-0.019
-0.022
-0.018
-0.015
-0.012
-0.008
-0.022
-0.019
-0.016
-0.013
-0.010
-0.017
-0.014
-0.022
-0.018
-0.017
-0.016
-0.011
-0.016
-0.022
-0.026
-0.012
-0.017
-0.028
-0.015
-0.021
-0.019
-0.019
-0.010
-0.013
-0.007
-0.028
-0.015
-0.014
-0.019
-0.008
-0.016
-0.016
-0.037
-0.013
-0.018
-0.030
-0.015
-0.016
-0.009
-0.014
-0.021
-0.013
-0.023
-0.015
-0.012
-0.010
-0.018
-0.016
-0.013
-0.014
-0.019
-0.007
-0.013
-0.012
-0.021
-0.021
-0.018
-0.023
-0.014
-0.007
-0.021
-0.021
-0.012
-0.019
-0.010
-0.009
-0.029
-0.009
0.182
0.146
-0.276
-0.012
0.029
-0.152
-0.067
0.042
0.065
0.020
-0.039
-0.047
-0.028
-0.007
0.003
-0.005
-0.024
-0.023
-0.009
-0.019
-0.008
-0.014
-0.004
-0.028
-0.023
-0.017
-0.010
-0.018
-0.012
-0.007
-0.026
-0.016
-0.014
-0.033
-0.023
-0.012
-0.008
-0.013
-0.004
-0.018
-0.025
-0.030
-0.019
-0.012
-0.013
-0.005
-0.020
-0.014
-0.018
-0.008
-0.018
-0.020
-0.028
-0.012
-0.017
-0.017
-0.020
-0.004
-0.022
-0.005
-0.004
-0.018
-0.020
-0.025
-0.016
-0.016
-0.008
-0.013
-0.014
-0.012
-0.013
-0.011
-0.018
-0.011
-0.019
-0.018
-0.021
-0.030
-0.019
-0.002
-0.015
-0.027
-0.010
-0.023
-0.018
-0.017
-0.013
-0.022
-0.012
-0.025
-0.010
-0.015
-0.015
-0.023
-0.019
-0.014
-0.007
-0.017
-0.019
-0.005
-0.020
-0.022
-0.018
-0.001
-0.023
-0.015
-0.005
-0.008
-0.019
-0.019
-0.014
-0.013
-0.018
-0.012
-0.019
-0.025
-0.018
-0.015
-0.025
0.147
0.122
-0.238
-0.123
0.075
-0.112
-0.112
0.019
0.080
0.008
-0.037
-0.055
-0.018
-0.012
0.010
0.004
-0.016
-0.048
-0.027
-0.012
-0.004
-0.001
-0.014
-0.016
-0.018
-0.032
-0.025
-0.014
-0.024
-0.022
-0.010
-0.001
-0.010
-0.028
-0.020
-0.023
-0.007
-0.017
-0.002
-0.013
-0.021
-0.025
-0.014
-0.011
-0.013
-0.015
-0.006
-0.031
-0.022
-0.009
-0.012
-0.016
-0.011
-0.030
-0.019
-0.016
-0.015
-0.009
-0.019
-0.018
-0.013
-0.020
-0.021
-0.005
-0.029
-0.008
-0.018
-0.007
-0.023
-0.008
-0.013
-0.013
-0.018
-0.010
-0.014
-0.020
-0.014
-0.018
-0.021
-0.016
-0.017
-0.006
-0.014
-0.013
-0.015
-0.029
-0.023
-0.015
-0.009
-0.015
-0.022
-0.020
-0.009
-0.010
-0.024
-0.019
-0.003
-0.019
-0.020
-0.013
-0.009
-0.016
-0.015
-0.013
-0.009
-0.020
-0.020
-0.010
-0.029
-0.012
-0.014
-0.024
-0.018
-0.009
-0.009
-0.012
-0.015
-0.021
-0.013
-0.045
0.088
0.093
-0.145
-0.192
0.088
-0.080
-0.124
-0.002
0.073
0.038
-0.023
-0.060
-0.029
-0.012
-0.017
0.004
-0.011
-0.031
-0.019
-0.011
-0.022
-0.013
-0.015
-0.024
-0.025
-0.017
-0.010
-0.009
-0.032
-0.016
-0.010
-0.018
-0.025
-0.014
-0.015
-0.016
-0.023
-0.012
-0.018
-0.016
-0.028
0.008
-0.014
-0.032
-0.013
-0.018
-0.014
-0.022
-0.002
-0.012
-0.013
-0.018
-0.020
-0.019
-0.014
-0.018
-0.009
-0.006
-0.022
-0.019
-0.010
-0.016
-0.017
-0.014
-0.010
-0.019
-0.013
-0.007
-0.017
-0.008
-0.024
-0.012
-0.013
-0.023
-0.017
-0.013
-0.010
-0.024
-0.019
-0.014
-0.018
-0.019
-0.010
-0.013
-0.018
-0.019
-0.022
-0.021
-0.012
-0.013
-0.002
-0.011
-0.024
-0.021
-0.028
-0.014
-0.008
-0.012
-0.006
-0.021
-0.023
-0.013
-0.015
-0.012
-0.013
-0.023
-0.023
-0.011
-0.026
-0.022
-0.014
-0.021
-0.011
-0.028
0.146
0.109
-0.225
-0.121
0.059
-0.098
-0.099
0.005
0.087
0.029
-0.027
-0.037
-0.034
-0.009
0.002
-0.003
-0.039
-0.037
0.063
-0.017
-0.110
-0.024
0.003
-0.063
-0.025
0.017
0.034
-0.005
-0.033
-0.033
-0.022
-0.016
-0.020
-0.021
-0.028
-0.013
-0.022
-0.013
-0.014
-0.009
-0.010
-0.021
-0.004
0.001
